
cn = { $
    Constant, $
    e: 1.602176634e-19, $ ; [C]
    m_e: 9.1093837015e-31, $ ; [kg]
    m_p: 1.6726218e-27, $ ; [kg]
    c: 299792458.0, $ ; [m/s]
    epsilon_0: 8.8541878128e-12, $
    k: 1.380649e-23, $
    Re: 6378.137 $ ; [km]
}
